Fichier de label pour le jeu de lettres et de chiffres
72
0 100000 34
5100000 5200000 16
10200000 10300000 35
15300000 15400000 17
20400000 20500000 36
25500000 25600000 18
30600000 30700000 1
35700000 35800000 19
40800000 41000000 2
46000000 46100000 20
51100000 51200000 3
56200000 56300000 21
61300000 61400000 4
66400000 66500000 22
71500000 71600000 5
76600000 76700000 23
81700000 81800000 6
86800000 87000000 24
92000000 92100000 7
97100000 97200000 25
102200000 102300000 8
107300000 107400000 26
112400000 112500000 9
117500000 117600000 27
122600000 122700000 10
127700000 127800000 28
132800000 132900000 29
137900000 138100000 11
143100000 143200000 30
148200000 148300000 12
153300000 153400000 31
158400000 158500000 13
163500000 163600000 32
168600000 168700000 14
173700000 173800000 33
178800000 179000000 15
184000000 184100000 34
189100000 189200000 16
194200000 194300000 35
199300000 199400000 17
204400000 204500000 36
209500000 209600000 18
214600000 214700000 1
219700000 219900000 19
224900000 225000000 2
230000000 230100000 20
235100000 235200000 3
240200000 240300000 21
245300000 245400000 4
250400000 250500000 22
255500000 255600000 5
260600000 260700000 23
265700000 265800000 6
270800000 271000000 24
276000000 276100000 7
281100000 281200000 25
286200000 286300000 8
291300000 291400000 26
296400000 296500000 9
301500000 301600000 27
306600000 306700000 10
311700000 311800000 28
316800000 317000000 29
322000000 322100000 11
327100000 327200000 30
332200000 332300000 12
337300000 337400000 31
342400000 342500000 13
347500000 347600000 32
352600000 352800000 14
357800000 357900000 33
362900000 363000000 15
